masterVolume=0.7244151
musicVolume=0.021543682
sfxVolume=1.0
