masterVolume=0.7244151
musicVolume=0.05207803
sfxVolume=1.0
