masterVolume=0.7244151
musicVolume=0.08600509
sfxVolume=1.0
