masterVolume=0.7244151
musicVolume=0.046988975
sfxVolume=1.0
