masterVolume=0.7244151
musicVolume=0.06225615
sfxVolume=1.0
