masterVolume=0.7244151
musicVolume=0.10636132
sfxVolume=1.0
